232 261 4110 5
21 22 7550 4
2 23 5915 2
13 18 11652 3
4 7 5385 3
10 24 5306 5
4 12 7483 2
12 21 2811 6
3 24 8020 5
10 24 11595 4
3 21 7144 7
6 20 9582 4
4 8 5766 3
7 10 11142 4
2 4 980 5
3 22 4755 3
22 312 5151 4
9 25 7366 4
2 7 925 2
7 9 11162 3
7 12 9686 4
9 12 3623 6
7 8 3811 5
4 11 8040 7
2 8 3453 3
8 13 10209 3
8 11 7844 7
293 144 6748 7
6 21 968 6
5 7 7277 4
20 25 6864 7
10 15 1501 2
3 16 3315 7
9 13 6803 5
10 17 5657 6
11 21 1959 4
1 5 889 7
2 10 8148 6
6 15 9986 2
3 23 7101 5
15 16 5312 7
1 14 6966 4
11 19 3362 6
24 25 7592 7
4 24 6935 5
19 22 8280 6
16 21 10832 4
2 17 1250 3
1 9 1643 4
10 21 3478 6
2 25 10434 2
5 18 1796 7
42 651 9553 4
14 18 2632 3
12 24 3530 5
3 20 3940 4
1 20 497 2
4 7 7030 6
36 130 2379 7
12 19 4356 3
2 15 6127 4
4 15 4815 6
3 7 10894 7
12 22 1261 2
2 9 10974 7
2 6 6469 5
3 11 2002 3
6 15 10656 4
3 17 2286 4
6 10 4226 5
17 18 3544 5
3 9 4300 5
36 33 1058 2
14 24 6789 3
18 20 7462 3
1 4 3237 6
181 765 3700 4
678 615 9508 4
9 20 11293 5
7 17 10000 3
2 14 971 6
12 20 3881 7
13 25 3338 4
11 12 3030 5
1 21 3787 4
3 7 6589 4
42 99 5469 2
2 8 8138 4
18 24 1280 3
26 650 8711 2
425 234 5962 6
1 4 7232 7
12 18 8926 3
279 240 10023 4
3 20 3984 3
19 22 7740 5
313 313 849 3
5 25 11030 5
13 288 5859 3
3 25 2522 7
3 22 10993 5
20 22 10151 4
7 8 5557 4
18 25 2944 4
16 20 6755 3
3 6 4019 2
4 20 7289 3
475 266 4063 4
9 17 11162 3
11 13 5299 7
3 4 1400 5
14 15 3737 7
6 23 10474 4
589 399 7612 4
1 8 1780 4
2 16 7325 7
1 21 2731 5
15 20 9044 4
15 24 257 5
15 25 5840 3
7 12 5632 3
4 21 1936 2
4 5 6235 3
13 19 1760 6
51 620 10138 6
14 16 1400 4
1 11 7965 6
15 20 1833 5
2 13 7958 5
11 19 4986 5
662 404 12000 7
6 14 6031 7
3 23 4979 2
4 5 1388 6
12 18 9970 3
3 21 5205 2
570 250 7465 7
8 9 9404 3
3 15 1630 4
113 55 6692 6
1 6 1834 4
1 14 1680 2
10 20 9135 7
15 24 3072 6
7 12 1225 5
11 21 10848 5
3 20 3687 4
14 21 2005 4
6 15 2117 3
380 190 4668 5
12 15 2416 5
3 17 2370 5
684 156 4655 7
91 432 5722 3
6 18 7039 7
5 11 4095 4
3 8 10146 5
81 168 1505 6
1 17 3721 2
3 4 1230 3
55 756 12000 7
365 238 9786 7
8 9 6929 4
4 24 1613 6
28 675 11153 7
3 15 4471 5
11 18 5708 6
3 13 9610 6
4 20 11060 7
4 21 5848 6
9 20 535 6
15 20 8708 3
737 774 8270 5
2 13 9308 7
2 6 3531 5
7 21 8762 3
7 24 5362 3
1 15 2460 4
4 22 3972 2
8 15 9609 4
612 244 9214 5
2 18 798 5
4 7 11066 4
5 19 999 4
1 20 7968 4
1 21 211 6
63 350 2398 5
13 23 3919 3
5 11 8961 4
14 15 7297 4
4 16 2374 2
239 209 11925 3
1 13 9796 4
1 14 5154 7
10 12 11316 2
8 21 8540 3
1 18 11410 5
13 24 8726 3
153 302 3076 5
3 4 5519 3
1 2 2492 7
540 616 1499 4
103 745 6027 4
8 21 4354 2
7 16 2475 7
14 16 6645 4
330 504 11355 4
8 15 8086 6
15 20 4973 2
1 25 2864 4
12 20 2805 5
5 16 11597 2
8 22 11026 7
3 23 9240 5
5 15 11798 3
6 18 1732 2
3 25 6370 4
11 12 5744 3
11 16 4487 4
277 213 10956 3
10 24 8560 2
14 20 1499 7
4 9 9821 5
16 22 11543 5
363 345 11784 5
737 714 7695 7
5 14 11361 4
8 11 5796 4
1 15 4708 6
520 220 3600 7
22 25 10463 4
6 22 2507 2
6 18 6368 7
1 5 10586 3
267 117 6277 7
4 20 1395 6
1 7 7864 7
7 24 8129 5
22 24 9074 3
4 21 4856 4
12 17 7846 4
18 25 3204 7
115 418 11890 4
9 17 4551 5
12 23 8095 3
1 5 4732 3
2 9 3785 3
13 19 3717 6
2 20 91 6
256 416 9856 6
2 8 4041 6
142 34 7704 6
6 24 6271 3
3 17 7562 3
15 22 2610 7
591 147 2723 5
91 234 3990 4
10 17 4031 5
7 21 4061 6
2 5 6093 4
11 17 8231 4
20 25 2902 3
19 21 8700 7
1 15 6609 7
8 18 3555 3
8 24 10775 6
634 756 7775 6
3 17 4675 7
9 16 9852 5
484 186 9317 6
8 25 11197 4
124 448 4388 5
11 13 1171 3
1 16 5153 5
146 748 5890 4
4 9 7757 6
9 17 2148 6
4 21 7660 4
4 8 10370 3
4 8 10425 7
11 14 2326 4
9 24 10394 2
2 25 6853 4
18 20 7153 7
3 11 8365 4
7 9 7272 5
7 17 11322 3
11 14 5603 4
5 10 221 3
4 7 4040 7
2 14 2706 7
7 21 2068 2
532 392 6574 7
7 17 10369 7
24 25 4375 6
25 154 12000 7
16 24 2336 7
2 15 6475 4
6 22 6248 7
3 23 8757 7
10 21 4423 4
5 16 10542 4
4 24 11396 4
8 18 4862 5
17 20 2799 4
733 244 1876 6
572 308 650 5
585 612 10481 7
1 11 10242 5
11 12 11314 4
4 24 4245 6
427 510 5578 7
4 5 579 5
277 680 7215 6
258 620 6656 2
6 18 5856 5
12 14 7044 5
9 21 9542 7
17 25 9231 3
138 529 1372 5
10 19 2405 5
14 22 2119 7
4 6 4330 5
1 9 2729 4
5 16 2243 7
10 11 5321 6
7 18 4882 4
2 7 391 6
6 23 9715 4
17 25 9683 3
21 25 1068 5
7 14 5273 6
385 330 5565 4
12 24 8752 7
19 592 12000 7
3 15 9509 4
6 9 4258 7
3 21 5556 5
6 8 5497 5
17 22 6290 5
52 192 8614 2
8 10 6886 4
60 115 473 5
6 24 5620 6
13 18 7440 7
4 23 9345 4
746 186 10885 5
18 20 7313 6
14 15 11987 3
2 20 9832 3
8 23 6828 3
368 108 11504 6
14 20 2158 4
232 154 4789 7
10 25 6396 6
3 24 8948 5
10 18 1061 7
10 14 9613 6
3 24 4092 3
153 289 10993 6
6 15 6369 4
1 13 4671 6
12 17 9974 3
22 24 2705 7
3 23 9249 6
18 21 425 3
10 25 11091 5
1 12 9109 4
21 25 7024 6
443 332 7769 7
738 368 7862 5
1 4 5216 2
7 13 11810 3
4 11 6828 6
91 542 9498 7
2 20 4744 3
168 162 4537 2
22 25 6769 7
504 165 6033 5
7 10 2942 6
8 10 5411 7
19 22 1997 3
1 20 11776 4
1 124 1498 6
740 153 4295 7
11 17 11571 3
11 13 8160 6
4 11 2472 4
5 6 2806 4
5 7 832 4
6 19 8039 4
4 12 7783 5
2 3 2416 5
12 21 2738 5
2 20 10932 3
608 171 261 5
12 16 7596 4
4 23 9486 7
23 24 8872 4
3 13 9076 3
13 23 6209 3
3 9 2053 2
370 296 9246 3
112 273 1333 3
18 25 11294 6
7 23 11735 3
518 444 653 5
2 23 8911 3
8 25 5027 5
16 18 2785 3
2 18 5496 5
9 16 1003 3
18 24 2439 4
8 18 4915 2
7 9 2015 7
14 20 1050 4
256 171 4185 5
9 21 11811 3
10 19 5828 4
19 21 10006 5
13 23 8544 7
9 20 6118 6
2 246 11395 6
2 10 9850 7
3 14 4700 7
17 18 2904 3
2 24 7403 7
4 14 10316 2
18 24 11000 7
429 213 5643 5
5 17 11413 4
6 15 11722 4
3 6 8574 4
505 470 6509 7
1 11 5922 4
7 18 5643 7
2 19 10740 6
11 12 6806 4
767 299 5737 5
572 582 5667 2
559 681 12000 7
9 16 1891 3
8 14 10140 3
16 25 5668 5
3 22 7306 5
179 44 2359 6
23 25 10051 4
735 284 6526 5
10 14 2760 6
7 11 5419 6
18 24 3187 5
361 475 9979 6
1 7 711 5
4 6 7286 4
1 15 5661 5
13 14 3771 5
522 754 2729 3
2 6 3773 3
8 260 8723 4
3 11 3067 6
7 17 5154 5
3 16 8691 7
6 25 10678 5
6 12 3392 5
13 21 4927 5
2 3 1601 2
15 16 9913 7
3 16 7257 3
3 17 3154 5
739 211 912 5
7 9 7265 4
17 20 3167 4
7 14 995 5
17 85 8337 2
51 93 9878 5
8 12 11033 4
262 646 8778 3
6 14 8348 6
2 7 7730 4
339 350 6337 6
125 166 4320 4
2 5 11041 6
19 25 1162 7
5 6 11638 7
2 10 415 3
355 510 8518 5
4 20 1454 4
1 24 3717 7
144 135 5323 2
3 20 5390 5
8 19 8318 3
10 22 10613 7
4 18 2470 3
13 25 3369 3
10 19 4814 5
18 20 10550 4
7 24 11503 5
1 11 4825 6
476 480 6523 5
598 442 4128 3
21 22 4021 7
9 18 5358 7
10 12 1878 4
40 540 11751 3
4 23 4274 6
15 24 7829 7
6 22 3037 2
4 7 4851 4
3 23 9962 7
80 705 10643 2
10 12 1348 3
7 24 7179 2
1 9 10282 2
4 22 5032 2
11 21 6331 2
11 12 7883 5
24 25 7123 5
6 15 9290 4
1 8 7108 3
2 18 8446 4
7 13 2357 4
15 43 3461 3
82 210 4308 7
5 7 3656 5
7 11 10101 4
603 513 5880 7
1 3 7247 4
14 15 3891 3
4 8 9842 3
7 17 3377 4
12 23 5031 4
4 12 8070 3
190 513 373 5
4 15 10515 5
119 306 5809 3
2 18 6357 6
1 6 3588 6
14 16 2420 7
299 621 9349 7
14 24 2271 6
456 272 9934 5
2 3 6055 2
17 21 6061 3
402 624 11216 5
13 17 9538 6
3 4 8756 7
2 3 5891 4
2 4 720 2
19 22 10645 5
4 11 11832 6
173 315 12000 7
5 7 4171 6
3 18 4741 3
13 15 1723 3
21 22 5062 6
9 25 7477 5
800 685 7813 4
11 15 10834 3
6 18 9603 3
1 13 5910 2
21 25 7495 3
5 25 2971 7
6 7 7682 7
6 10 11036 5
193 186 7841 3
12 23 4631 4
5 7 2107 4
6 12 4901 3
3 10 8127 3
24 25 7164 6
8 12 5035 5
4 55 9662 7
9 18 11201 4
22 25 7540 7
30 210 2943 5
363 360 7871 4
20 21 5090 4
437 456 9809 6
27 304 7899 6
24 25 10915 7
466 317 9365 4
5 12 10857 6
5 24 6435 7
12 15 8085 4
2 4 677 5
6 14 9941 4
7 20 10741 3
10 18 1529 7
630 32 4255 2
102 384 3227 3
14 24 1167 6
6 21 8432 4
6 10 6484 6
10 18 4023 4
1 2 9000 4
8 18 8051 2
10 12 10800 7
16 25 8026 6
4 20 4757 4
5 15 11712 4
19 24 2288 6
13 23 10345 7
6 16 9065 6
616 738 7634 5
4 24 9585 5
3 4 11537 6
19 22 8126 3
1 10 4085 6
1 25 11745 2
16 19 2084 7
13 24 8008 6
5 8 7575 7
8 14 4528 2
475 133 3935 7
3 22 8584 5
4 9 136 6
12 16 3438 3
2 3 9086 5
183 716 12000 7
539 532 8825 7
4 7 6861 5
11 14 10043 4
181 180 9422 6
11 16 11229 3
1 5 38 7
2 25 5576 6
11 18 520 6
20 24 3396 6
757 483 10322 6
2 11 4314 4
6 17 10259 5
615 342 5273 7
24 116 7366 2
1 16 7483 6
6 20 5632 7
4 21 7835 5
4 14 9739 3
6 24 4530 4
4 21 7213 2
1 19 6938 6
171 225 11528 3
59 70 411 4
1 17 3383 2
11 12 7119 5
10 22 10580 6
5 14 11163 7
6 24 10690 3
2 9 875 7
14 15 10154 4
10 19 9400 4
600 272 6323 6
17 21 5485 6
7 18 10154 7
7 10 8294 5
7 24 10320 7
3 9 1668 7
4 21 2386 6
5 25 3010 2
731 328 1901 2
8 18 8103 6
216 377 8748 5
6 24 2182 7
1 19 9754 7
5 18 9367 4
1 24 5345 4
11 20 9933 3
10 13 7504 3
3 5 6727 2
1 6 11030 3
3 18 4310 4
14 18 3015 6
2 3 768 6
6 21 6659 5
11 21 8527 4
1 18 11137 4
713 82 3052 7
5 16 10546 2
440 680 8704 3
3 21 10441 4
7 18 3658 4
4 6 3346 2
565 770 1672 3
6 11 4524 5
3 12 4721 4
389 147 9156 7
20 25 2661 7
12 21 7993 7
11 21 2910 6
3 11 5909 5
16 19 7571 6
8 13 1436 4
17 22 9524 7
116 400 5776 7
7 13 6085 4
16 20 1505 7
17 25 8522 3
18 21 3711 5
13 25 789 3
3 8 9831 3
584 290 12000 7
1 24 6327 5
12 270 2904 7
1 9 3139 7
11 18 11226 3
456 303 10911 3
43 473 4204 4
7 21 4420 2
10 14 10426 4
5 10 1951 4
9 13 8926 3
373 496 10130 5
11 12 8300 3
20 21 9365 6
120 208 11284 5
310 75 11158 6
501 558 9288 4
20 24 1576 4
2 16 9191 3
19 21 8535 6
178 120 4647 4
3 9 8566 2
4 18 2386 2
11 19 3952 4
350 275 962 7
4 6 1839 3
5 12 9881 4
734 560 10310 7
19 22 11245 3
10 21 3891 6
216 304 7794 6
2 7 6351 6
8 21 2056 4
5 15 10530 2
42 123 5385 4
16 22 5507 7
6 24 2609 6
353 234 1953 7
12 15 7546 7
14 25 10721 5
6 8 5264 3
8 16 8783 2
1 17 2022 5
3 18 6384 2
10 20 2447 7
2 14 8364 6
6 20 6093 2
8 16 6230 4
256 764 4098 4
3 5 11224 6
8 15 2751 2
11 21 2268 3
1 10 8786 2
6 22 2803 5
7 8 5810 6
8 22 2081 3
740 180 9894 7
4 18 5651 3
8 23 8392 3
3 18 10650 4
345 92 7461 5
2 19 9602 7
3 8 6778 7
10 22 8322 6
12 24 210 6
19 24 5208 5
12 24 206 2
18 25 8600 4
325 90 4191 5
6 21 1792 5
7 12 8563 3
493 792 8481 7
7 14 5080 4
7 9 10334 6
760 168 2464 6
528 83 992 3
6 24 8993 7
7 14 8602 3
2 21 10627 7
6 18 1841 7
6 22 274 7
4 16 3250 5
23 24 5705 3
2 20 3409 3
4 22 9359 2
14 22 2884 5
3 5 8009 3
220 204 11169 6
17 22 2600 6
293 136 9985 5
71 312 8082 3
4 14 5266 7
1 16 3306 3
2 21 6215 2
78 385 3267 2
13 15 5316 4
9 24 9435 4
3 24 8071 5
4 14 1923 3
5 8 8129 3
7 9 4148 4
0 0 0 0